1 4 2 3 
1 5 2 4 3 
1 1 1 1 1 1 1 1 1 1 
1 5 1 5 2 4 2 4 3 3 
1 1 2 2 3 3 4 4 5 5 
1 1 2 2 3 3 4 4 5 5 6 
1 1 1 1 2 2 2 2 3 3 3 
10 
1 100 2 99 3 98 4 97 5 96 6 95 7 94 8 93 9 92 10 91 11 90 12 89 13 88 14 87 15 86 16 85 17 84 18 83 19 82 20 81 21 80 22 79 23 78 24 77 25 76 26 75 27 74 28 73 29 72 30 71 31 70 32 69 33 68 34 67 35 66 36 65 37 64 38 63 39 62 40 61 41 60 42 59 43 58 44 57 45 56 46 55 47 54 48 53 49 52 50 51 
1 101 2 100 3 99 4 98 5 97 6 96 7 95 8 94 9 93 10 92 11 91 12 90 13 89 14 88 15 87 16 86 17 85 18 84 19 83 20 82 21 81 22 80 23 79 24 78 25 77 26 76 27 75 28 74 29 73 30 72 31 71 32 70 33 69 34 68 35 67 36 66 37 65 38 64 39 63 40 62 41 61 42 60 43 59 44 58 45 57 46 56 47 55 48 54 49 53 50 52 51 
